image_width: 640
image_height: 480
camera_name: camera
camera_matrix:
  rows: 3
  cols: 3
  data: [597.409771, 0, 315.293396, 0, 549.814336, 236.472741, 0, 0, 1]
distortion_model: plumb_bob
distortion_coefficients:
  rows: 1
  cols: 5
  data: [0.0329, -0.064376, 0.006359, 0.005131, 0]
rectification_matrix:
  rows: 3
  cols: 3
  data: [1, 0, 0, 0, 1, 0, 0, 0, 1]
projection_matrix:
  rows: 3
  cols: 4
  data: [600.903809, 0, 317.752747, 0, 0, 553.28833, 238.519736, 0, 0, 0, 1, 0]
